313.95
312.42
312.41
313.6
314.77
315.64
316.3
317
318.1
318.69
318.08
316.67
314.79
313.28
313.31
314.53
315.72
316.63
317.3
318.04
319.14
319.7
319.05
317.59
315.65
314.09
314.07
315.25
316.4
317.28
317.94
318.64
319.76
320.36
319.74
318.32
316.42
314.89
314.9
316.12
317.3
318.2
318.86
319.57
320.67
321.25
320.6
319.15
317.21
315.64
315.61
316.8
317.96
318.84
319.48
320.17
321.26
321.83
321.18
319.71
317.75
316.18
316.15
317.35
318.52
319.4
320.04
320.76
321.84
322.37
321.68
320.18
318.2
316.62
316.58
317.75
318.9
319.76
320.4
321.1
322.21
322.8
322.18
320.76
318.85
317.34
317.38
318.65
319.9
320.86
321.58
322.33
323.49
324.12
323.5
322.05
320.12
318.55
318.55
319.78
320.98
321.87
322.54
323.24
324.34
324.92
324.27
322.79
320.84
319.27
319.27
320.51
321.73
322.65
323.33
324.09
325.24
325.84
325.21
323.77
321.86
320.35
320.41
321.71
322.98
323.96
324.71
325.5
326.7
327.36
326.77
325.35
323.42
321.88
321.9
323.16
324.39
325.32
326.01
326.74
327.88
328.49
327.84
326.36
324.39
322.8
322.78
324
325.19
326.08
326.74
327.43
328.55
329.14
328.48
326.99
325.02
323.43
323.44
324.69
325.92
326.86
327.57
328.36
329.54
330.18
329.59
328.18
326.31
324.86
325
326.38
327.73
328.79
329.62
330.46
331.72
332.43
331.86
330.43
328.48
326.89
326.88
328.1
329.29
330.17
330.82
331.51
332.62
333.2
332.51
330.99
328.98
327.35
327.34
328.58
329.81
330.74
331.44
332.19
333.36
333.99
333.36
331.88
329.9
328.31
328.33
329.61
330.86
331.8
332.5
333.27
334.43
335.02
334.35
332.85
330.87
329.31
329.37
330.7
332
333.02
333.82
334.65
335.92
336.64
336.08
334.67
332.75
331.22
331.3
332.64
333.96
334.96
335.72
336.51
337.72
338.38
337.76
336.28
334.3
332.7
332.73
334.03
335.3
336.28
337.02
337.81
339.02
339.69
339.09
337.63
335.68
334.12
334.2
335.56
336.9
337.94
338.73
339.59
340.85
341.51
340.9
339.43
337.46
335.9
335.96
337.28
338.56
339.54
340.27
341.04
342.23
342.86
342.2
340.68
338.67
337.05
337.08
338.41
339.7
340.69
341.43
342.2
343.39
344.02
343.35
341.82
339.79
338.16
338.19
339.53
340.85
341.88
342.68
343.53
344.83
345.56
345
343.57
341.62
340.07
340.15
341.53
342.87
343.89
344.67
345.5
346.74
347.39
346.74
345.23
343.22
341.63
341.69
343.04
344.35
345.36
346.12
346.92
348.14
348.79
348.13
346.6
344.56
342.91
342.93
344.25
345.54
346.53
347.28
348.08
349.31
349.99
349.36
347.86
345.85
344.25
344.31
345.67
347.01
348.04
348.84
349.68
350.96
351.69
351.12
349.68
347.73
346.19
346.31
347.75
349.15
350.25
351.1
352.02
353.33
354.05
353.46
351.99
350.01
348.44
348.53
349.9
351.24
352.25
353.01
353.8
355.03
355.69
355.02
353.49
351.43
349.78
349.8
351.15
352.46
353.46
354.21
355
356.23
356.9
356.25
354.73
352.7
351.08
351.15
352.55
353.91
354.95
355.74
356.56
357.8
358.46
357.77
356.19
354.08
352.38
352.37
353.68
354.97
355.94
356.66
357.46
358.65
359.23
358.49
356.87
354.73
353.02
352.99
354.28
355.55
356.5
357.22
357.99
359.2
359.84
359.16
357.61
355.54
353.9
353.97
355.38
356.76
357.84
358.66
359.52
360.83
361.56
360.95
359.46
357.45
355.85
355.96
357.41
358.82
359.91
360.75
361.62
362.94
363.67
363.06
361.55
359.52
357.91
358
359.42
360.81
361.88
362.68
363.55
364.81
365.47
364.78
363.2
361.1
359.42
359.45
360.8
362.11
363.11
363.86
364.66
365.91
366.6
365.96
364.44
362.41
360.82
360.97
362.48
363.97
365.16
366.09
367.06
368.48
369.31
368.79
367.35
365.38
363.8
363.92
365.37
366.77
367.82
368.6
369.41
370.64
371.29
370.58
368.96
366.82
365.09
365.1
366.46
367.8
368.81
369.57
370.41
371.68
372.34
371.66
370.1
368.03
366.39
366.47
367.89
369.27
370.32
371.11
371.94
373.22
373.92
373.26
371.7
369.62
367.96
368.05
369.49
370.91
372.01
372.85
373.74
375.09
375.86
375.28
373.79
371.79
370.21
370.36
371.88
373.36
374.52
375.41
376.33
377.7
378.49
377.9
376.39
374.34
372.7
372.8
374.25
375.65
376.73
377.53
378.41
379.7
380.37
379.67
378.08
375.97
374.32
374.43
375.9
377.35
378.49
379.38
380.3
381.69
382.49
381.92
380.42
378.38
376.76
376.89
378.38
379.84
380.96
381.81
382.69
384.02
384.75
384.1
382.53
380.41
378.73
378.81
380.26
381.68
382.77
383.6
384.48
385.81
386.55
385.91
384.35
382.25
380.58
380.66
382.12
383.55
384.64
385.46
386.36
387.69
388.41
387.75
386.19
384.09
382.43
382.53
384
385.42
386.52
387.37
388.25
389.6
390.36
389.74
388.2
386.12
384.49
384.63
386.16
387.67
388.85
389.76
390.69
392.09
392.87
392.25
390.69
388.58
386.9
386.98
388.44
389.87
390.96
391.78
392.64
393.97
394.71
394.06
392.48
390.37
388.7
388.8
390.31
391.78
392.92
393.8
394.75
396.15
396.92
396.3
394.78
392.72
391.12
391.29
392.86
394.38
395.57
396.48
397.42
398.83
399.63
399.02
397.46
395.36
393.68
393.78
395.29
396.76
397.89
398.75
399.65
401.02
401.77
401.12
399.52
397.37
395.66
395.75
397.25
398.71
399.85
400.72
401.63
403.03
403.83
403.23
401.71
399.65
398.06
398.28
399.93
401.54
402.81
403.81
404.87
406.35
407.17
406.57
405.03
402.93
401.29
401.44
402.99
404.49
405.64
406.52
407.43
408.81
409.57
408.91
407.3
405.13
403.4
403.48
404.97
406.43
407.56
408.42
409.32
410.71
411.51
410.9
409.36
407.28
405.66
405.84
407.46
409.03
410.26
411.2
412.17
413.61
414.44
413.83
412.27
410.15
408.48
408.62
410.19
411.72
412.91
413.82
414.8
416.22
417
416.34
414.75
412.61
410.93
411.06
412.6
414.09
415.24
416.12
417.04
418.43
419.2
418.55
416.94
414.77
413.06
413.16
414.7
416.19
417.33
418.2
419.09
420.46
421.22
420.56
418.94
416.77
415.05
415.17
416.73
418.26
419.46
420.4
421.38
422.88
423.76
423.22
421.72
419.67
418.07
418.3
419.97
421.6
422.88
423.89
424.95
426.47
427.33
426.75
425.22
423.13
421.5
421.7
423.31
424.87
426.07
426.99
427.92
429.34
430.13
429.46
427.83